1 0.825 0.7125 0.0734375 0.0875
1 0.5696361750000001 0.633335796875 0.61866221875 0.6236306109374999 0.64721364375 0.5805898218750001 0.6377872859375 0.5019711828125 0.555958996875 0.48280337187500005 0.5197011484375 0.514157828125 0.5044299031249999 0.564186490625 0.4720537109375 0.6005695921875 0.4804282625 0.6318516203125 0.5348428734375 0.6614793375 0.5696361750000001 0.633335796875
1 0.3415140859375 0.34972543749999996 0.29368267812500004 0.3252206984375 0.2244664484375 0.293445065625 0.15940179062499998 0.297697078125 0.10362188125 0.30716641718750004 0.0835733046875 0.339086915625 0.0849664390625 0.3766492671875 0.09981042031250001 0.4163123640625 0.12956979062500001 0.45486528593750003 0.13366446875 0.492521978125 0.1539684265625 0.5307447109375001 0.198913103125 0.5991864640625 0.241739628125 0.6120992125 0.2464177109375 0.5943212421874999 0.22949794687499997 0.53664431875 0.20221257656249997 0.504701915625 0.16958099375 0.4709417828125 0.14659001875 0.39348048750000003 0.1834022171875 0.3849798125 0.24295000937500003 0.38379720625 0.292416628125 0.4002038921875 0.3814393546875 0.445719428125 0.44766959687499996 0.48554594218749997 0.46058061875 0.42564867656249994 0.4128629859375 0.39788585 0.3908669296875 0.3693902109375 0.3415140859375 0.34972543749999996
1 0.940050628125 0.134127365625 0.9313916421874999 0.11099055625000001 0.8743747328125 0.117154634375 0.83756253125 0.125655309375 0.79365514375 0.1436943953125 0.7607246 0.1572237109375 0.7151251125 0.1849898921875 0.6939533171875001 0.210347046875 0.72669866875 0.2408490890625 0.7469457421875 0.2807008625 0.7671928125 0.32055263906250003 0.79736491875 0.308558028125 0.8075598671875 0.28771064687500003 0.81855124375 0.2440566515625 0.856771103125 0.2339741015625 0.8795781109374999 0.2005188984375 0.889659284375 0.1829296078125 0.9176987203125 0.154550215625 0.940050628125 0.134127365625
1 0.46953125 0.33671875 0.1109375 0.059375
1 0.56796875 0.38046875 0.0859375 0.065625
1 0.74609375 0.3875 0.04375 0.0546875
1 0.69140625 0.359375 0.06875 0.071875
1 0.70859375 0.51328125 0.1046875 0.065625
1 0.7 0.73515625 0.075 0.0765625
1 0.8140625 0.5625 0.0875 0.0859375
1 0.57734375 0.3 0.06875 0.071875
1 0.6546875 0.28984375 0.0359375 0.0390625