1 0.40546875 0.1234375 0.103125 0.09375
1 0.493027578125 0.47676285937499996 0.5344782 0.45268840312499997 0.5429953624999999 0.3690778078125 0.4717289 0.3345692859375 0.4217376 0.3475524765625 0.3965998484375 0.3907478140625 0.3586620171875 0.4144828875 0.368959909375 0.4755787515625 0.395811159375 0.4936814796875 0.44075271562499996 0.4749143671875 0.493027578125 0.47676285937499996
1 0.51272371875 0.6297733187500001 0.5267765375 0.7287643687500001 0.526184609375 0.7808774703125 0.5056795671875001 0.8367959953125 0.48565714218749995 0.8688350625 0.41990117812500005 0.8218777375 0.39860415 0.780032746875 0.3772852625 0.7438344921875 0.328259196875 0.709058771875 0.309926759375 0.7076940453125 0.30819304999999997 0.7523912984375001 0.35827344375000003 0.81716978125 0.387803425 0.84881165625 0.42207542968749995 0.8649430703125001 0.44883923125 0.9056327109375 0.4815086984375 0.9325810125 0.5165710406249999 0.9461273515625 0.553279640625 0.9375633484374999 0.5803932390625001 0.8879053234375001 0.605596578125 0.8277697999999999 0.598086725 0.751979434375 0.5904894234375 0.6987759875 0.5879637296875 0.6457097328125 0.5681817875 0.61563478125 0.5574668609375 0.56147818125 0.49662946718749995 0.55418515 0.51272371875 0.6297733187500001
1 1 0.21194428906249999 0.9892058421875 0.20304043593749999 0.9626185890625001 0.21752555 0.9266565999999999 0.23479793125 0.906743490625 0.23860335625 0.8676857390625001 0.24927585468750002 0.8457093296875 0.2821308859375 0.800855225 0.27831108437499996 0.7778244875 0.2811633546875 0.756660284375 0.305786578125 0.7877490765624999 0.3379050296875 0.8188378671875001 0.37002348125 0.837017271875 0.4109153140625 0.86788579375 0.39915246875 0.9089849750000001 0.3650770921875 0.93249833125 0.338345365625 0.9638494703125 0.3027030671875 0.9838718953125 0.270663996875 1 0.23634380312499997 1 0.21194428906249999
1 0.6453125 0.58125 0.0875 0.125
1 0.63515625 0.47421875 0.0859375 0.103125
1 0.68671875 0.30390625 0.065625 0.0578125
1 0.6953125 0.3640625 0.0890625 0.0859375
1 0.5546875 0.29921875 0.0921875 0.121875
1 0.3421875 0.234375 0.0953125 0.09375
1 0.54375 0.18203125 0.10625 0.1078125
1 0.7140625 0.4921875 0.0890625 0.0859375
1 0.74921875 0.42265625 0.046875 0.0453125