1 0.44522364999999997 0.23520375625 0.4271826015625 0.19726505156250002 0.37029534062499997 0.1724114046875 0.3149832140625 0.12249112343749999 0.318881790625 0.08089236875 0.314778128125 0.0685145703125 0.26315625 0.0477726546875 0.2115343671875 0.0270307421875 0.177437575 0.0340398140625 0.1821084703125 0.0700994640625 0.20107889218750002 0.10142531562499998 0.2295994296875 0.1340933515625 0.25904934062499996 0.16014853281250002 0.28072936249999997 0.21377145625 0.28447087656250003 0.2564439609375 0.3313946109375 0.29675599531249996 0.3594777203125 0.277100684375 0.3925938625 0.26321031875 0.44522364999999997 0.23520375625
1 0.1334446875 0.8192098140624999 0.1175058078125 0.8657653765625 0.1360573359375 0.9009030484375 0.1714502015625 0.8997777359375 0.1836227328125 0.8465933890624999 0.2272034046875 0.8039226218750001 0.2667375296875 0.756616846875 0.29761813125000003 0.704028596875 0.2669887765625 0.6712598015625 0.21830255781250002 0.7335445453125 0.17235656562499999 0.7596176781249999 0.16613019375 0.7872067390625 0.1334446875 0.8192098140624999
1 0.3969152265625 0.783044734375 0.361180328125 0.7698899171875 0.3393899890625 0.7912253 0.3184402671875 0.8065793703124999 0.3049614109375 0.8189171015625 0.3284001109375 0.8527084640625 0.3522137296875 0.833690584375 0.3755287640625 0.8349341484374999 0.40407300937499996 0.849111534375 0.4369768890625 0.7988407890625 0.3969152265625 0.783044734375
1 0.5041889828125 0.5893338 0.46689366093749995 0.5905196 0.45680774218750003 0.5698201671875001 0.43082930625 0.5565281640624999 0.41872434375 0.6030317937499999 0.43205718437499996 0.6402558359375 0.46531752187500003 0.6545712453125 0.4869417828125 0.6592171687499999 0.49975996250000004 0.6208479203125 0.5041889828125 0.5893338
1 0.5567644281249999 0.47942427812500005 0.5232826375 0.4666845765625 0.49934613125 0.45207271718750003 0.4645845046875 0.4616487484375 0.4374239734375 0.4963954796875 0.4255404625 0.5413234046875 0.4611619109375 0.5784662515625 0.5023685046875 0.5890779484374999 0.54706945 0.5616168484374999 0.5677850203125 0.506682384375 0.5567644281249999 0.47942427812500005
1 0.4823234765625 0.40147546875 0.5149683265625 0.43337949531250003 0.5535923609375 0.42273945937499996 0.5511335109375 0.3741890203125 0.550938040625 0.322743021875 0.5238034859375 0.30446804375 0.4838996171875 0.33742381875 0.47836334062499997 0.376816471875 0.47659129375 0.3814302 0.4823234765625 0.40147546875
1 0.5506677203125 0.311457228125 0.5755648796874999 0.27960605625 0.567963790625 0.2544353578125 0.520901734375 0.2590690203125 0.49209330625 0.27912269375 0.49214217031249996 0.29198419531250003 0.515635775 0.3097474671875 0.5506677203125 0.311457228125
1 0.665178934375 0.5798228796875 0.6967913796875 0.579445234375 0.7254272234375 0.5738287640624999 0.7749741109375 0.5647238375 0.7789602312499999 0.536361125 0.7359820265625 0.538355078125 0.7085771546874999 0.5087943109374999 0.6753168171875 0.494478903125 0.6584407624999999 0.48246615156250006 0.6270986375 0.49412959375 0.6240471921874999 0.5290509765625 0.63528923125 0.5547333796875 0.665178934375 0.5798228796875
1 0.8087812734375 0.36380100937500004 0.8257810421875 0.348515053125 0.7841315453125 0.3410547671875 0.7265895375 0.3410019109375 0.6680868734375001 0.3874120875 0.6756879609374999 0.4125827828125 0.7012234937499999 0.429026203125 0.7285795015625001 0.44572546874999996 0.7630708125 0.4248636421875 0.785753459375 0.40876953125000004 0.8087812734375 0.36380100937500004
1 0.60703125 0.45390625 0.1171875 0.109375
1 0.3640625 0.46484375 0.1140625 0.0859375