1 0.7460009515625 1 0.746726496875 0.9743369375 0.7328900765624999 0.9404291312499999 0.709831078125 0.9037016984375 0.6848196734374999 0.8733603203125 0.67179504375 0.8170060796874999 0.67477504375 0.77427364375 0.6347352093749999 0.727117428125 0.6039230812499999 0.742137584375 0.569041721875 0.750676428125 0.5126787046875 0.770105071875 0.524562715625 0.8103989296874999 0.5768616328125 0.8438457156249999 0.6236835234375 0.90180411875 0.613325465625 0.9422808515625001 0.615442290625 0.9551482124999999 0.6631838671875 0.9837102015625 0.6904123906249999 1 0.7460009515625 1
1 0.756933403125 0.3672996765625 0.8147636953124999 0.3133979640625 0.8642227531250001 0.2948333734375 0.874688346875 0.2685579984375 0.9119778249999999 0.2420620734375 0.9350033640625 0.19857307500000002 0.9221769796875 0.160965909375 0.887043821875 0.15654070312499999 0.8667012906249999 0.207166059375 0.8169819890625 0.242493959375 0.7705343421874999 0.283032821875 0.731807315625 0.3301428328125 0.756933403125 0.3672996765625
1 0.698167484375 0.193536565625 0.6753340328124999 0.1886610390625 0.6493590453125 0.17019289375 0.608996190625 0.21469742187500002 0.6460935796875 0.23656602656249998 0.67933065625 0.25514905625 0.704190309375 0.23748510781249998 0.727284009375 0.22559732968750001 0.7425269671875 0.21552005625 0.7246629687499999 0.1784781 0.698167484375 0.193536565625
1 0.5890471749999999 0.37209954375 0.5584357484375 0.35275731875 0.5378045015625 0.344785815625 0.5191418624999999 0.38067746874999997 0.509837475 0.41111074687500004 0.54685913125 0.41577381874999997 0.5535827703125 0.43779619218750004 0.577162040625 0.45498847187499997 0.596392740625 0.4109510125 0.5890471749999999 0.37209954375
1 0.5506347546875 0.42857541406250005 0.511595515625 0.41164823281249996 0.46314905156249997 0.43177847343750003 0.4340948796875 0.48279597343749997 0.440715684375 0.5114424890625 0.4717923296875 0.5292630484374999 0.4931483390625 0.54743950625 0.5289800140625001 0.5434192875 0.561241740625 0.513349190625 0.580007221875 0.47083339375 0.5506347546875 0.42857541406250005
1 0.4459016375 0.6894009484375 0.4904696421875 0.663093253125 0.5021001265625 0.6250516546875 0.504572103125 0.6207719375 0.5020462625000001 0.6000767484375 0.47479421562499996 0.5634587343749999 0.43498123906249997 0.5679256421875001 0.42981485468749997 0.61626299375 0.421959990625 0.667106184375 0.4459016375 0.6894009484375
1 0.441665690625 0.7346949671874999 0.47325652656250006 0.7193948203125 0.4752202453125 0.7066840203125 0.45479467500000004 0.685464234375 0.4204614953125 0.6782953203125001 0.390888240625 0.705859578125 0.394458184375 0.7319094546875 0.441665690625 0.7346949671874999
1 0.34076700781249997 0.4925323828125 0.373547825 0.48591552499999996 0.382024609375 0.45190143125000004 0.37493859218750003 0.4247765796875 0.34934174218749997 0.39532019375 0.318059421875 0.3907479140625 0.288897521875 0.3918156046875 0.238536315625 0.3930575921875 0.2301623671875 0.420447546875 0.272923359375 0.42520141562499997 0.29536650937500003 0.45868530625000004 0.325977934375 0.47802753124999997 0.34076700781249997 0.4925323828125
1 0.290151153125 0.5386217015625 0.26574428437500003 0.517848609375 0.228414109375 0.5330579625 0.20349305156250003 0.54540558125 0.17371411875 0.586218121875 0.154532396875 0.5986565328125 0.19450207343749998 0.6125403875 0.251327375 0.6215941453125 0.316369925 0.5849071875 0.3127999828125 0.5588573140624999 0.290151153125 0.5386217015625
1 0.38671875 0.52890625 0.1140625 0.1046875
1 0.628125 0.55546875 0.1109375 0.084375