1 0.32265625 0.8453125 0.0890625 0.0765625
1 0.4352396734375 0.654831121875 0.512442309375 0.6372385171875 0.5229517312499999 0.5538549109375001 0.4879790609375 0.5210731203125001 0.43662817968749995 0.5111149515625 0.39706015625 0.4827191875 0.36682487343750003 0.49431772656249995 0.343047334375 0.5515311875 0.37467359375 0.5831920859374999 0.3894502296875 0.63093509375 0.4352396734375 0.654831121875
1 0.581296615625 0.1731136890625 0.5886971812499999 0.23221165625 0.57755104375 0.2831222578125 0.5415902546875 0.376414978125 0.5089048609375 0.4464454078125 0.569823571875 0.4530247328125 0.592446459375 0.4026664953125 0.6184867828125 0.3778123328125 0.632885053125 0.3266743203125 0.6522558093749999 0.27654349375 0.67662230625 0.2043849796875 0.665592478125 0.140121209375 0.650344425 0.0856366828125 0.6165031421875 0.0690345359375 0.5792921843750001 0.0743463734375 0.541397984375 0.09325496093749999 0.506166959375 0.1268811828125 0.469144565625 0.1348896265625 0.43325356406250004 0.159077721875 0.3698847390625 0.21093029687499998 0.36151931875 0.2548719640625 0.3796888921875 0.257666115625 0.43528125937500006 0.2348101609375 0.46419657968749994 0.204335371875 0.49436084375 0.168353653125 0.5689945859375001 0.13739171562500002 0.581296615625 0.1731136890625
1 0.7063935828125001 0.7469717453125 0.7214763296875 0.7757247875 0.7432751703125 0.7836847421875001 0.7878389359375 0.790052821875 0.801861315625 0.8270093953125001 0.8375172296875 0.8461944421875 0.856063934375 0.854381809375 0.8872187796875 0.8793011875 0.9098661609375001 0.89939588125 0.9319711140625 0.8883658734375001 0.9198809140625 0.8323056296875 0.9075788843750001 0.796583653125 0.885049046875 0.7548023921875 0.868151665625 0.72346644375 0.8357711468750001 0.6810191125 0.8083398468749999 0.6626138421875 0.78142771875 0.69836814375 0.743910653125 0.7226699453125 0.7063935828125001 0.7469717453125
1 0.659375 0.453125 0.0625 0.1125
1 0.62578125 0.55546875 0.06875 0.090625
1 0.6375 0.7328125 0.0578125 0.0453125
1 0.659375 0.67578125 0.075 0.0703125
1 0.50859375 0.70859375 0.071875 0.1078125
1 0.28671875 0.7234375 0.078125 0.078125
1 0.4703125 0.81953125 0.0890625 0.090625
1 0.70703125 0.55625 0.075 0.0703125
1 0.725 0.63125 0.0390625 0.0359375