1 0.9148640203125 0.202523315625 0.928219696875 0.148517096875 0.9165334796875 0.11572760625 0.8814748234374999 0.125371578125 0.8530940046875 0.148517096875 0.824713184375 0.1813065875 0.80301020625 0.2140960734375 0.7529264125 0.243027975 0.7111899125 0.2526719421875 0.6778007140625 0.30474936874999997 0.7011731546875 0.329823684375 0.7195372140625 0.360684378125 0.7545958703125 0.4089042140625 0.7896545296874999 0.38575869375 0.8063491265625 0.325966096875 0.8480856265625001 0.26424470312500004 0.8898221218750001 0.26231591249999997 0.901508340625 0.2565295296875 0.9148640203125 0.202523315625
1 0.132882075 0.1814373984375 0.0845613234375 0.17213291718749998 0.0523474828125 0.195394121875 0.0583875796875 0.23028593281249998 0.11274842812500001 0.23493817031250003 0.161069184375 0.272156096875 0.21341666875 0.3047217859375 0.2697908828125 0.32798299062499997 0.2979779921875 0.29309118437500004 0.2295235875 0.2535471359375 0.1973097515625 0.211676965625 0.1691226421875 0.2093508453125 0.132882075 0.1814373984375
1 0.1409355375 0.45359350000000004 0.1952963859375 0.479180825 0.20536320937500002 0.4373106546875 0.21341666875 0.400092728125 0.189256290625 0.3814837625 0.1711360078125 0.362874796875 0.157042453125 0.35124419375000004 0.1268419828125 0.379157640625 0.1489889953125 0.400092728125 0.1510023609375 0.42335393281249994 0.1409355375 0.45359350000000004
1 0.3421061640625 0.487167209375 0.3405149703125 0.5092276109375 0.38029475625 0.516581078125 0.41211858437500004 0.516581078125 0.40575381874999994 0.47981374218750006 0.42484811718750004 0.46694517500000005 0.4343952640625 0.4393696703125 0.3866595203125 0.4338545671875 0.3516533109375 0.45223823750000003 0.3421061640625 0.487167209375
1 0.4455336046875 0.55518678125 0.5028165 0.5680553500000001 0.5282755625 0.5533484125 0.5362315171875001 0.5184194421874999 0.5473698578125 0.49268230625 0.533049134375 0.459591703125 0.49486054218750003 0.43753130625000003 0.44871598749999997 0.432016203125 0.416892159375 0.472460271875 0.41211858437500004 0.514742709375 0.4455336046875 0.55518678125
1 0.6587532609375 0.4614300734375 0.618973475 0.4614300734375 0.6141580249999999 0.46031737812499995 0.5951056015625 0.4687835390625 0.5680553484375 0.5055508734374999 0.5839672609375001 0.5423182140625 0.6317030046875 0.533126378125 0.6826211296875 0.5257729125 0.6969418578125001 0.49635904374999995 0.6587532609375 0.4614300734375
1 0.7526335546875 0.533126378125 0.7414952140625 0.487167209375 0.7176273453124999 0.4614300734375 0.7048978109374999 0.4632684375 0.6905770875 0.4890055734375 0.6937594703125 0.52393454375 0.728765684375 0.544156578125 0.7526335546875 0.533126378125
1 0.44394241562500003 0.674680621875 0.44871598749999997 0.705932859375 0.4582631390625 0.733508359375 0.47417505000000004 0.7813058984375 0.5028165 0.7813058984375 0.49486054218750003 0.7390234609374999 0.5203196046875 0.707771228125 0.5298667515625 0.6728422578125001 0.539413903125 0.6544585875 0.5235019875 0.62504471875 0.4884957765625 0.6268830875 0.46462790312499996 0.64159001875 0.44394241562500003 0.674680621875
1 0.6110175171875001 0.7500536656250001 0.6301118156250001 0.7702756984375 0.677847559375 0.786821 0.6953506640625 0.8015279328125 0.6969418578125001 0.7592454953125001 0.6889858984375 0.7022561265625 0.6348853859375 0.6507818546874999 0.6110175171875001 0.661812053125 0.5982879828125001 0.6893875578124999 0.585558453125 0.7188014265625 0.6110175171875001 0.7500536656250001
1 0.5609375 0.6 0.08125 0.09375
1 0.515625 0.3609375 0.05703125 0.09765625