1 0.297512990625 0.24549782343749998 0.3422626484375 0.28821040937500003 0.37133595 0.270051790625 0.4051336734375 0.2579136296875 0.45915708281249995 0.23269987812499998 0.44312631874999997 0.1938689703125 0.387617759375 0.1660721359375 0.3349940609375 0.1133254546875 0.34106440625 0.07198774687500001 0.3376141703125 0.0594121421875 0.2871485875 0.0359969734375 0.2366829984375 0.0125818046875 0.2022661078125 0.017796784375 0.2050433859375 0.0540514703125 0.22234834062500003 0.0863272265625 0.2491200796875 0.1204431421875 0.27716600625 0.148003903125 0.296009909375 0.20268798437500002 0.297512990625 0.24549782343749998
1 0.25834506562500004 0.65883023125 0.2064658359375 0.718481575 0.15921825 0.742114346875 0.1515565125 0.7693397359375 0.11724088749999999 0.799588325 0.098887321875 0.8452459093750001 0.1155744625 0.8813063375000001 0.1509777171875 0.8820348859375 0.16591701875 0.8295604890625 0.21167118281250002 0.7892290359375 0.25362691875 0.7440571484375 0.2872174578125 0.693157134375 0.25834506562500004 0.65883023125
1 0.3349522484375 0.8254987375 0.3581702484375 0.8279608109375 0.38593338906249997 0.843612659375 0.42142314062499997 0.7951328640625 0.382243084375 0.7772617921875 0.347245628125 0.7622547828124999 0.3243685453125 0.7824205078124999 0.302643965625 0.7966571124999999 0.288537871875 0.8082725046875 0.3101759484375 0.8432442437500001 0.3349522484375 0.8254987375
1 0.4248098734375 0.63650776875 0.4572754203125 0.6525442703125 0.4786268953125 0.6583155515625 0.49343560000000003 0.620669740625 0.499507871875 0.5894306046875 0.4622016015625 0.58866289375 0.45321282968750004 0.5674639734375 0.427965646875 0.5528305796875 0.41344346249999997 0.5986369515625001 0.4248098734375 0.63650776875
1 0.45710853125 0.5763260875 0.4977032796875 0.589079828125 0.5437801671875 0.563995828125 0.5673423953125 0.5102208203124999 0.5577634828125 0.48242329687499996 0.524994325 0.46794875312500006 0.5018553484375 0.45210417812500003 0.4666401890625 0.4598478046875 0.4376983765625 0.4931254421875 0.42347980625000003 0.5373698609375 0.45710853125 0.5763260875
1 0.5340042171875 0.3059817921875 0.4924302625 0.3368039953125 0.4848399203125 0.3758529140625 0.48282883749999994 0.380367578125 0.487504078125 0.400685375 0.5184344609375 0.4342541765625 0.55756241875 0.42565014999999995 0.557647871875 0.37703756093749996 0.5601451453124999 0.3256518390625 0.5340042171875 0.3059817921875
1 0.53348244375 0.260493121875 0.5036639671875001 0.27901159375 0.5030396453125 0.29185802656250004 0.5255713953125001 0.31082651562499997 0.5604658484375 0.31436736249999997 0.5869958484375 0.2838628578125 0.5807225078125 0.258328846875 0.53348244375 0.260493121875
1 0.659141275 0.49078232968749996 0.6272316859375 0.5007894671875001 0.622356778125 0.5355032921875 0.632239296875 0.5617388609375 0.6607749562499999 0.5883582828125 0.6923638421875 0.5896356234375 0.721254384375 0.5855255328125 0.7712098843749999 0.57902616875 0.7766749296875 0.5509109421875 0.733651271875 0.5506528578125 0.7078310484375 0.51969834375 0.675365503125 0.5036618421875 0.659141275 0.49078232968749996
1 0.70466220625 0.43965469375 0.73110675 0.45776277656250003 0.7666426171875 0.4387346765625 0.790136478125 0.42384973906249995 0.8154862046875 0.380148028125 0.8332626796874999 0.36577272031249997 0.792060703125 0.35614289062500004 0.734600321875 0.35307859375 0.6737489125 0.3963633734375 0.6800222515625001 0.4218973828125 0.70466220625 0.43965469375
1 0.61015625 0.459375 0.1078125 0.096875
1 0.36640625 0.4578125 0.10625 0.0734375