1 0.61484375 0.12890625 0.0984375 0.0890625
1 0.5368903296875 0.3362755984375 0.4639155 0.3670070296875 0.46804515 0.45094879218750006 0.50817900625 0.4771596140625 0.56047896875 0.478049509375 0.6043767375 0.49914296093750005 0.6321386140625 0.4824703296875 0.6456199046875 0.42199714374999997 0.6089762624999999 0.39630908593749997 0.5861336296874999 0.3518573390625 0.5368903296875 0.3362755984375
1 0.476701675 0.8360371828125001 0.45915128593750004 0.779122140625 0.46128755625 0.7270494796875 0.4805019078125 0.6289295593750001 0.50053008125 0.554287290625 0.439394375 0.55838634375 0.4258597953125 0.6119079484375 0.4045309640625 0.6409063765624999 0.39923145781249997 0.693767721875 0.3888601140625 0.7465006421875 0.37739399218749997 0.8217941046874999 0.399415540625 0.8831662546875 0.42389307968749995 0.9341752421875 0.46010316875 0.9446486875 0.49582641875 0.932955934375 0.5298614796875001 0.9077543531250001 0.5587181328125 0.868521184375 0.593787421875 0.8542055359375 0.624932940625 0.8241525062499999 0.6783349453125 0.7620838062499999 0.6789428843749999 0.7173570734375 0.6605641484375 0.7177604843750001 0.6097852500000001 0.7499227187499999 0.586601109375 0.7849556203125 0.56314326875 0.8256286640624999 0.49501986562500006 0.869080234375 0.476701675 0.8360371828125001
1 0.25385580625 0.2926201796875 0.23400928593749998 0.26692305312500003 0.21115938750000002 0.26286935625 0.166166840625 0.2643364390625 0.14594005000000002 0.23037627968750002 0.10749438124999999 0.21767428125000002 0.087807721875 0.2128319 0.052798984375 0.1937010859375 0.027006259375 0.1778443515625 0.007152471874999999 0.1925452734375 0.028793753124999998 0.24565439375000003 0.04711194375 0.2786974484375 0.0765547421875 0.31593169374999996 0.09863684375000001 0.3438573796875 0.1378963328125 0.380037021875 0.16810693125 0.3933992796875 0.188401534375 0.353514925 0.22112866874999998 0.3230675515625 0.25385580625 0.2926201796875
1 0.35078125 0.57421875 0.0796875 0.11875
1 0.36640625 0.4671875 0.08125 0.0984375
1 0.32421875 0.29453125 0.0625 0.0546875
1 0.3125 0.3546875 0.084375 0.08125
1 0.45546875 0.29609375 0.0875 0.115625
1 0.67109375 0.24296875 0.0890625 0.0890625
1 0.4734375 0.18046875 0.1 0.1015625
1 0.28671875 0.48046875 0.084375 0.08125
1 0.25546875 0.409375 0.04375 0.040625