1 0.66484375 0.1484375 0.090625 0.078125
1 0.6223467 0.4124847640625 0.6059128578124999 0.3652865375 0.5593173484375 0.34300309375000004 0.482775715625 0.363279315625 0.47518274062500004 0.44697889999999996 0.511278175 0.4785201921875 0.562945309375 0.48668017499999994 0.603480228125 0.5136777359375 0.633292309375 0.5010310671875 0.655058640625 0.4430226359375 0.6223467 0.4124847640625
1 0.37324487500000003 0.6778577171875 0.3556354609375 0.7286340328125 0.3338021015625 0.8015989687499999 0.3470679859375 0.8654386562499999 0.3642082328125 0.9193578421874999 0.3986083046875 0.9347688312500001 0.435611215625 0.9281615875 0.47282243125 0.9079420296875 0.50685845625 0.873106746875 0.54357880625 0.8638111187499999 0.5786037921875 0.83838518125 0.6401243859375 0.7843526515625 0.6469511671875 0.7401458046875 0.6286951468749999 0.7379874640625 0.5739343078125 0.7627696421875 0.54610015625 0.794234996875 0.5172100125 0.8312475125000001 0.443702290625 0.8647952703125 0.4301610765625 0.8295243921875001 0.420702528125 0.7707207015625 0.4300651234375 0.71945211875 0.4627481359375 0.6249612171875001 0.4929695921875 0.5538327437499999 0.43185837656250003 0.549383459375 0.41100674687499994 0.600500546875 0.385849684375 0.6262483640625 0.37324487500000003 0.6778577171875
1 0.076444803125 0.11515154375 0.0547382578125 0.1269462828125 0.0687775671875 0.18255043437500001 0.08231878125 0.217821315625 0.10629303906250001 0.25879084375 0.12427373593749999 0.28951799375 0.1581159203125 0.330809403125 0.18617284375 0.3482461234375 0.21182077187499998 0.3115743828125 0.2484668625 0.2859780578125 0.28511295625 0.260381734375 0.26903593125 0.2321725890625 0.246972571875 0.2249782515625 0.2022137109375 0.2201693046875 0.18691010624999999 0.1837246171875 0.1506063640625 0.16579563125000002 0.13178522343750002 0.1582605234375 0.0997796828125 0.1344436125 0.076444803125 0.11515154375
1 0.3421875 0.55234375 0.0671875 0.1140625
1 0.371875 0.44921875 0.0703125 0.090625
1 0.35390625 0.271875 0.0578125 0.046875
1 0.334375 0.3296875 0.0765625 0.071875
1 0.484375 0.2921875 0.0734375 0.109375
1 0.70546875 0.26953125 0.08125 0.0796875
1 0.51796875 0.1796875 0.090625 0.0921875
1 0.29140625 0.4515625 0.0765625 0.071875
1 0.2703125 0.3765625 0.040625 0.0375