1 0.7984375 0.2515625 0.1046875 0.0953125
1 0.499915609375 0.4414583375 0.51929925625 0.485299046875 0.5626770249999999 0.5145299765625 0.588004475 0.556128871875 0.620368109375 0.557266228125 0.664610528125 0.513891584375 0.647869303125 0.472390209375 0.652922015625 0.42266884843749997 0.6201095343749999 0.3827810765625 0.5421701546875 0.36880968125 0.499915609375 0.4414583375
1 0.19970258125 0.822679196875 0.22436666875000003 0.851184396875 0.2606950375 0.8608343046875 0.30296500625 0.8582353015624999 0.348534146875 0.8410480578125 0.38574258906250003 0.8481420484375001 0.42823147187500005 0.8399005234375 0.5068231984375 0.816930146875 0.531692984375 0.779750259375 0.516059565625 0.7700788109375 0.455955990625 0.7693961625 0.417431846875 0.7861502359375 0.3756063203125 0.8074854671875 0.2948078046875 0.8068243546874999 0.2974414140625 0.7691353171875 0.313720571875 0.7118437203125 0.343873003125 0.6693354078125 0.413427453125 0.5975100062500001 0.47087758593749995 0.54581785625 0.4173723640625 0.51595871875 0.3768713546875 0.553474253125 0.343189815625 0.5661778671875 0.309954925 0.607624803125 0.272536375 0.6462017140625 0.22191232031250002 0.703103228125 0.206955475 0.7665680375 0.19970258125 0.822679196875
1 0.2490883421875 0 0.24333973437499998 0.030050510937500004 0.240706125 0.06773955000000001 0.24511971093749998 0.1150025125 0.2484299 0.15044973749999999 0.26165083125 0.2021747890625 0.279709965625 0.2298351921875 0.318453028125 0.20743859062499997 0.36248313906249996 0.19972775 0.406513253125 0.1920169125 0.40386422031249997 0.1596562984375 0.38690848437500003 0.1438116359375 0.348375528125 0.1205373375 0.34990794375 0.08103965156250001 0.32458269687499997 0.049447846875 0.310709425 0.0346645625 0.2920091640625 0 0.2490883421875 0
1 0.33515625 0.48125 0.0890625 0.1234375
1 0.40546875 0.4 0.0875 0.1015625
1 0.4640625 0.23203125 0.065625 0.0578125
1 0.42109375 0.27578125 0.0890625 0.0875
1 0.5734375 0.3046875 0.09375 0.11875
1 0.78359375 0.37734375 0.0953125 0.09375
1 0.6515625 0.21796875 0.1078125 0.109375
1 0.33125 0.3671875 0.0890625 0.0875
1 0.34453125 0.290625 0.0484375 0.0453125