1 0.21171875 0.76015625 0.1015625 0.109375
1 0.48275617656250003 0.5170654609375 0.44203980625000006 0.49176900625000003 0.364217465625 0.52350159375 0.3672058265625 0.6026269156249999 0.4021387984375 0.6406713749999999 0.4520794765625 0.642587709375 0.49084703437500005 0.664941884375 0.5399569140625 0.6271666140625001 0.543334775 0.5949596515625 0.505665615625 0.5640892390625 0.48275617656250003 0.5170654609375
1 0.608609615625 0.42784074062500005 0.6894161265625 0.36895935468749996 0.7357071578125 0.345016378125 0.79470681875 0.336869096875 0.8323955953125 0.3395064171875 0.8218052921875 0.4196106171875 0.7948567078125001 0.4580598109375 0.7729041578125 0.493877321875 0.7652153625 0.5534909796874999 0.7726169390625001 0.5703182625000001 0.8128961984374999 0.550864946875 0.8465808828125001 0.47623492812499996 0.8606555124999999 0.4353065421875 0.858808975 0.39747291875 0.8821709515625 0.3547392546875 0.890627503125 0.31324236562499996 0.8861274375000001 0.2759245359375 0.861332228125 0.2475333203125 0.8047577312499999 0.2469064640625 0.739828965625 0.2528851546875 0.67643570625 0.2950973828125 0.63302656875 0.3267829078125 0.5873575890625 0.3539260609375 0.5700900421874999 0.3855118125 0.5273029546875 0.42039751562500005 0.5494250171874999 0.4775376171875 0.608609615625 0.42784074062500005
1 0.145332290625 0.29704013281249997 0.1630173328125 0.33843724375 0.1763480140625 0.35743311875 0.208025021875 0.36456009843750004 0.22178862656249998 0.32203162500000004 0.235552234375 0.27950315312499996 0.263122865625 0.24425413749999997 0.238244996875 0.22252117187499998 0.188863328125 0.2022301703125 0.1542217609375 0.19401889375 0.1080330125 0.1830705265625 0.07034423281249999 0.1804332078125 0.013065021874999999 0.1832644296875 0.0081320359375 0.20747095 0.0334035921875 0.2241457515625 0.06553733125 0.2477894109375 0.078245959375 0.2635851046875 0.10600572187499999 0.29306061875 0.145332290625 0.29704013281249997
1 0.50390625 0.33359375 0.128125 0.096875
1 0.4140625 0.3921875 0.1078125 0.09375
1 0.2390625 0.42734375 0.0625 0.06875
1 0.2890625 0.39140625 0.090625 0.09375
1 0.296875 0.54609375 0.1265625 0.1015625
1 0.33984375 0.7640625 0.1 0.1015625
1 0.19921875 0.6109375 0.1140625 0.1140625
1 0.39296875 0.31484375 0.090625 0.09375
1 0.31484375 0.31640625 0.0484375 0.05