1 0.3065183375 0.2385861640625 0.34975008750000003 0.282834471875 0.37943940625 0.265701559375 0.41364015624999995 0.2547503140625 0.46851060312500004 0.2314373125 0.4538447828125 0.19207059531249998 0.3993401328125 0.162353471875 0.348589325 0.10780238281250001 0.35609863750000004 0.0667017078125 0.3530893859375 0.054013353124999997 0.303471721875 0.0288512234375 0.253854053125 0.003689096875 0.21927612812500002 0.0076997656250000004 0.22078644375 0.04402929375 0.23695444999999998 0.076889321875 0.2625192515625 0.111918775 0.2895862375 0.1404415359375 0.3065102140625 0.195749946875 0.3065183375 0.2385861640625
1 0.25294917968749997 0.650299840625 0.199019753125 0.7081042875 0.1509761765625 0.730073746875 0.142368953125 0.7570151593750001 0.10701857343750001 0.7860477234375 0.0870827609375 0.8310369640624999 0.1025012453125 0.8676577984374999 0.1378575078125 0.869621459375 0.15461903906250002 0.8177004015625 0.2017528765625 0.7789903140625001 0.24525953125000002 0.735310178125 0.28060599218750004 0.6856134640625 0.25294917968749997 0.650299840625
1 0.32369305000000004 0.81954036875 0.34681097968749997 0.8228112390625 0.374010965625 0.839422471875 0.41117102031249997 0.792210784375 0.372638521875 0.772983234375 0.338186121875 0.7567639734375 0.3146192015625 0.776119015625 0.29241100468750003 0.7895887703125 0.277908134375 0.8007047921874999 0.2983125328125 0.8364103859375 0.32369305000000004 0.81954036875
1 0.42009162499999997 0.6338005140625 0.451977728125 0.650960278125 0.47311478281249997 0.6574732 0.4892282859375 0.6203671374999999 0.49638708906250006 0.5893589515625 0.4591303375 0.5872897375 0.45088687343749995 0.5657900265625 0.4261657671875 0.550284434375 0.410053809375 0.5955560859375 0.42009162499999997 0.6338005140625
1 0.4544709171875 0.5747827015625 0.4945958375 0.5889454093750001 0.541520075 0.56548475 0.5669446703125 0.5125648093749999 0.5583417140625 0.4844499203125 0.5260976703125 0.46884056718749995 0.5035257578125 0.45219810625 0.468061803125 0.45870802343749995 0.4379762484375 0.49095533593749996 0.42222223124999997 0.5346765796875 0.4544709171875 0.5747827015625
1 0.5407546390625 0.3072867125 0.49813033124999995 0.3366392296875 0.4891818265625 0.3753994625 0.48701440937499996 0.379841190625 0.49097772031250003 0.4003097734375 0.5207177265625 0.43493758125 0.560122125 0.42770434062499996 0.56190408125 0.3791243484375 0.5661931703125 0.32785708125 0.5407546390625 0.3072867125
1 0.541820715625 0.2618075421875 0.5113741187499999 0.279274084375 0.51030184375 0.29209090312499997 0.5321578765625 0.3118341828125 0.5669075 0.3165906734375 0.5944859296875 0.287030634375 0.5891075359375 0.26129324062500003 0.541820715625 0.2618075421875
1 0.6593660234375001 0.4963418953125 0.627126628125 0.5052293078125001 0.6210431953125 0.5397518546875 0.6300040859375 0.5663163359375 0.65759335625 0.593915421875 0.6891184203125 0.5962944203125 0.7181348046875 0.5931951 0.768286696875 0.5884431171875 0.7747296218749999 0.5605357453125001 0.731741178125 0.5587763140625001 0.70701698125 0.5269395421875 0.6751308796875 0.5097797796875 0.6593660234375001 0.4963418953125
1 0.7066435515625 0.44683406249999996 0.732440025 0.465854015625 0.7686183140625 0.448077690625 0.792617340625 0.4340217453125 0.8194767921875 0.39123134843749996 0.8377441296875 0.3774851875 0.796903328125 0.36642329687499997 0.7395848921875 0.36135552656250003 0.6772599359375 0.40249025468750005 0.682638328125 0.42822764687500003 0.7066435515625 0.44683406249999996
1 0.6109375 0.46328125 0.109375 0.1
1 0.36796875 0.453125 0.1078125 0.0765625