1 0 0.7546424468749999 0.030041276562500004 0.7549672390625 0.0637024390625 0.740541153125 0.1000218453125 0.7168446859375 0.1299220921875 0.6913075625 0.1860404390625 0.677301396875 0.228818375 0.6795351593750001 0.2752686171875 0.6386784343749999 0.2597130015625 0.6081331375000001 0.250566696875 0.5734061140625 0.230157340625 0.51739075625 0.1900770234375 0.5299761828125 0.157548075 0.5828508609374999 0.100415653125 0.6306771343750001 0.05976431250000001 0.6210270703125 0.0469358546875 0.623368140625 0.019211421875000002 0.6716009203125 0 0.705023440625 0 0.7546424468749999
1 0.765088646875 0.9074134421875 0.8089728703124999 0.9296764874999999 0.8463504578125001 0.91619571875 0.85016183125 0.8809906812499999 0.7991891609375 0.861534784375 0.7629989203124999 0.8124396109375001 0.7216556078125 0.7667065390625 0.6738768921875 0.72880759375 0.63716421875 0.7545783312500001 0.6920669984375001 0.8114591015625001 0.7114919421875 0.860586628125 0.737945965625 0.870592059375 0.765088646875 0.9074134421875
1 0.7659435359375 0.641473771875 0.7479434031250001 0.67503010625 0.766038521875 0.69957769375 0.77832753125 0.72246040625 0.7886692953125001 0.7375251703125 0.8253938390625001 0.7190174203125 0.8098752578124999 0.6927887796875 0.81435154375 0.6698737140625 0.83236355 0.6435803703125 0.7871613703125 0.604000375 0.7659435359375 0.641473771875
1 0.589047403125 0.508284646875 0.5850311578125 0.54538204375 0.5631294828125 0.552489003125 0.5463513359375 0.5763647296875 0.590717709375 0.594823940625 0.6294350640624999 0.5868014421875001 0.6482401015625 0.555857109375 0.6558503250000001 0.5350898828124999 0.6196384312500001 0.51705648125 0.589047403125 0.508284646875
1 0.4875246015625 0.4409244140625 0.47024911718749995 0.4723073359375 0.45244814062499994 0.493977315625 0.457093096875 0.529733371875 0.4877216578125 0.5614653890625 0.5305584828125001 0.5794860093749999 0.5722974062499999 0.5493805109375 0.5885406796875 0.5100517984375 0.5675679984374999 0.4619640328125 0.516051203125 0.43380466562500003 0.4875246015625 0.4409244140625
1 0.39997420625 0.50379253125 0.436111028125 0.4759055609375 0.43094996874999997 0.4361766078125 0.3825298125 0.4318546125 0.33155728125 0.42488828125 0.30968375312499996 0.449215378125 0.336765259375 0.49331746406250004 0.37500404375 0.504282259375 0.37932625 0.5066791687500001 0.39997420625 0.50379253125
1 0.32034369687500003 0.42358529218749996 0.2922675125 0.394497603125 0.266283909375 0.39852163749999997 0.26432270468749997 0.44577056718749997 0.2801718578125 0.47708956718750006 0.2929149921875 0.47883115312499996 0.313775071875 0.45803835625 0.32034369687500003 0.42358529218749996
1 0.6020345140625001 0.3475377734375 0.606060146875 0.3161804203125 0.604483671875 0.287041596875 0.6023629500000001 0.23670973593750003 0.5748310203125 0.22881508281250001 0.5708241578125001 0.2716525296875 0.5377370546875 0.29467663593750004 0.51893201875 0.325620965625 0.50468748125 0.3406609328125 0.511875434375 0.373321275 0.5460322875 0.3812031421875 0.573029340625 0.373644809375 0.6020345140625001 0.3475377734375
1 0.4081005359375 0.175268528125 0.3953292515625 0.1563068078125 0.382145078125 0.196512703125 0.3740844390625 0.253487359375 0.41190095781249997 0.317879728125 0.43788455937500004 0.3138556953125 0.4577218125 0.2908571546875 0.4780657828125 0.2660914640625 0.4622072453125 0.22903241406250002 0.44942657343750003 0.204330646875 0.4081005359375 0.175268528125
1 0.46875 0.38671875 0.10625 0.115625
1 0.44609375 0.6296875 0.0828125 0.1125