1 0.2314373125 0.531489396875 0.19207059531249998 0.5461552171874999 0.162353471875 0.6006598671875001 0.10780238281250001 0.6514106749999999 0.0667017078125 0.6439013625000001 0.054013353124999997 0.6469106140625 0.0288512234375 0.696528278125 0.003689096875 0.746145946875 0.0076997656250000004 0.780723871875 0.04402929375 0.77921355625 0.076889321875 0.76304555 0.111918775 0.7374807484375 0.1404415359375 0.7104137625 0.195749946875 0.6934897859375 0.2385861640625 0.6934816625 0.282834471875 0.6502499125 0.265701559375 0.62056059375 0.2547503140625 0.58635984375 0.2314373125 0.531489396875
1 0.7860477234375 0.8929814265625 0.8310369640624999 0.9129172390625 0.8676577984374999 0.8974987546875001 0.869621459375 0.8621424921875 0.8177004015625 0.8453809609375 0.7789903140625001 0.7982471234374999 0.735310178125 0.75474046875 0.6856134640625 0.7193940078125001 0.650299840625 0.7470508203125 0.7081042875 0.8009802468749999 0.730073746875 0.8490238234374999 0.7570151593750001 0.857631046875 0.7860477234375 0.8929814265625
1 0.772983234375 0.627361478125 0.7567639734375 0.661813878125 0.776119015625 0.6853807984375 0.7895887703125 0.7075889953125001 0.8007047921874999 0.722091865625 0.8364103859375 0.7016874671875 0.81954036875 0.6763069500000001 0.8228112390625 0.6531890203125 0.839422471875 0.6259890343750001 0.792210784375 0.5888289796875 0.772983234375 0.627361478125
1 0.5893589515625 0.5036129109374999 0.5872897375 0.5408696625 0.5657900265625 0.5491131265625 0.550284434375 0.5738342328125 0.5955560859375 0.589946190625 0.6338005140625 0.579908375 0.650960278125 0.5480222718750001 0.6574732 0.5268852171875 0.6203671374999999 0.5107717140625 0.5893589515625 0.5036129109374999
1 0.4844499203125 0.44165828593749995 0.46884056718749995 0.47390232968749996 0.45219810625 0.4964742421875 0.45870802343749995 0.531938196875 0.49095533593749996 0.5620237515625 0.5346765796875 0.5777777687500001 0.5747827015625 0.5455290828125 0.5889454093750001 0.5054041625 0.56548475 0.45847992499999995 0.5125648093749999 0.43305532968750005 0.4844499203125 0.44165828593749995
1 0.4003097734375 0.5090222796874999 0.43493758125 0.4792822734375 0.42770434062499996 0.439877875 0.3791243484375 0.43809591875000004 0.32785708125 0.4338068296875 0.3072867125 0.4592453609375 0.3366392296875 0.50186966875 0.3753994625 0.5108181734375 0.379841190625 0.512985590625 0.4003097734375 0.5090222796874999
1 0.3165906734375 0.4330925 0.287030634375 0.4055140703125 0.26129324062500003 0.4108924640625 0.2618075421875 0.458179284375 0.279274084375 0.48862588125000006 0.29209090312499997 0.48969815624999996 0.3118341828125 0.4678421234375 0.3165906734375 0.4330925
1 0.593915421875 0.34240664375 0.5962944203125 0.3108815796875 0.5931951 0.2818651953125 0.5884431171875 0.231713303125 0.5605357453125001 0.225270378125 0.5587763140625001 0.268258821875 0.5269395421875 0.29298301875 0.5097797796875 0.3248691203125 0.4963418953125 0.3406339765625 0.5052293078125001 0.372873371875 0.5397518546875 0.3789568046875 0.5663163359375 0.3699959140625 0.593915421875 0.34240664375
1 0.39123134843749996 0.1805232078125 0.3774851875 0.1622558703125 0.36642329687499997 0.20309667187499997 0.36135552656250003 0.2604151078125 0.40249025468750005 0.3227400640625 0.42822764687500003 0.317361671875 0.44683406249999996 0.29335644843750003 0.465854015625 0.267559975 0.448077690625 0.23138168593750003 0.4340217453125 0.20738265937499997 0.39123134843749996 0.1805232078125
1 0.46328125 0.3890625 0.1 0.109375
1 0.453125 0.63203125 0.0765625 0.1078125