1 0.8812290171875 0.12512144375 0.891483378125 0.09023643906249999 0.858902834375 0.0779797453125 0.8046717515624999 0.09039085 0.7504406765625 0.10280195624999999 0.7444512203125 0.114385409375 0.7417943218749999 0.15608188437499998 0.6793539265625 0.19673484218749998 0.619279075 0.21238337031249999 0.595525221875 0.247032746875 0.64312585625 0.282927615625 0.673661353125 0.3018274703125 0.69832394375 0.325633959375 0.7509761609375001 0.2931587234375 0.7613470609374999 0.251596890625 0.791148640625 0.20202565468749997 0.8243119 0.1808982390625 0.8575917109375 0.1530939953125 0.8812290171875 0.12512144375
1 0.7619657890625 0.9462523203125001 0.796746871875 0.9529004421874999 0.8205667421875 0.9210974734375 0.8121069921874999 0.8726216953125 0.78483028125 0.835899490625 0.7829964484375 0.8076760765625 0.7416948640625 0.7747364125 0.7033515328125 0.7056022953125 0.6679731062500001 0.733176165625 0.6902469046874999 0.7899477578125 0.7218940421875 0.84285561875 0.7582629875 0.891818559375 0.7619657890625 0.9462523203125001
1 0.5948904875000001 0.78828330625 0.5575376765625 0.795685996875 0.5154981937499999 0.8050205500000001 0.5401328921874999 0.8598196796875 0.57054354375 0.85028214375 0.59376606875 0.852701165625 0.61431145 0.8752101734375 0.642747715625 0.8455014593750001 0.63136485 0.8312070703125001 0.6130749609375 0.812764775 0.5948904875000001 0.78828330625
1 0.48188770625000005 0.58757865 0.48133230156250006 0.6193976328125 0.487990396875 0.6592996953125 0.5100752078124999 0.6580937515625 0.54516548125 0.649157653125 0.56415729375 0.6144776140625 0.559476134375 0.5666528890625 0.531738209375 0.5757173234375 0.5185383609375 0.594584125 0.48188770625000005 0.58757865
1 0.482215690625 0.4634525375 0.44715319062500003 0.4707976859375 0.4320041703125 0.4959962 0.44387105312499997 0.5534949578125 0.48372579375 0.5876107359375 0.5260851015625 0.5835758171875 0.5670784125 0.5524626828125 0.562369484375 0.506228903125 0.5409789296875 0.467661121875 0.5081432968749999 0.45276506875000005 0.482215690625 0.4634525375
1 0.532871528125 0.40545368593750003 0.5416689109374999 0.38655191875 0.5406404265625 0.3817177828125 0.5413346781249999 0.34194405625 0.5070775109375 0.30315168125 0.477418190625 0.3169568859375 0.46917720156250003 0.36773891875000003 0.4591536609375 0.4153069734375 0.4956377015625 0.431858140625 0.532871528125 0.40545368593750003
1 0.540301928125 0.29577445 0.542362171875 0.28307893906250003 0.5170455078125 0.2587655296875 0.47128773125 0.2468267890625 0.4598426578125 0.27049851875 0.4794506703125 0.305852325 0.5143187796875 0.30964381875 0.540301928125 0.29577445
1 0.2182862375 0.5209115515625 0.265798796875 0.5376552218749999 0.293203475 0.547682178125 0.3243676421875 0.5530004500000001 0.35781421875 0.5328956234375 0.3729354609375 0.5092880546874999 0.3753844921875 0.4743192609375 0.3462528046875 0.4578964265625 0.32770531406250003 0.467121284375 0.2926150421875 0.4760573828125 0.26092324843750003 0.500967140625 0.21878610156249997 0.4922744640625 0.2182862375 0.5209115515625
1 0.2019273296875 0.2994167015625 0.2163265515625 0.3171738109375 0.23203622968749998 0.3651910390625 0.251921940625 0.384635353125 0.2827251 0.41063596562500004 0.3123566484375 0.39842171875 0.3401501140625 0.38617538125 0.351595184375 0.36250365156250003 0.3010729359375 0.3075130296875 0.24423109843750002 0.2985636796875 0.2019273296875 0.2994167015625
1 0.40078125 0.4375 0.125 0.1171875
1 0.6390625 0.48671875 0.11875 0.09375