1 0.16796875 0.70078125 0.0703125 0.084375
1 0.5244194375 0.6014836390625 0.49333271874999995 0.5639927890624999 0.4798167515625 0.51346164375 0.44467524531249997 0.48086090625000005 0.3622278578125 0.497161275 0.35006349062500003 0.575403046875 0.3770954203125 0.619414046875 0.42575289375 0.6308243046875 0.4595428046875 0.6601649703125 0.514958259375 0.63245434375 0.5244194375 0.6014836390625
1 0.7501360499999999 0.6031136781249999 0.754190840625 0.62104408125 0.797441925 0.6096338234374999 0.8447478046875 0.5428023093750001 0.8663733484374999 0.505311459375 0.8717797328125 0.46782060937500003 0.9028664515625 0.430329759375 0.9190856125 0.39120887187500003 0.9217888046875 0.353718021875 0.9028664515625 0.3211172828125 0.847450996875 0.309707021875 0.7825743671875001 0.303186875 0.7122913484375 0.332527540625 0.663633875 0.35534805937499997 0.6136248046875 0.3732784640625 0.5906476656249999 0.40098909374999997 0.5419901921875 0.42706968593749994 0.5528029640625001 0.4873810515625 0.6203827859375 0.44989020156250004 0.7109397515625 0.40750924062499994 0.760948821875 0.392838909375 0.8204190671875 0.3960989828125 0.8569121703125001 0.40587920625 0.831231840625 0.482490940625 0.797441925 0.5150916828125001 0.7690584015625 0.54606238125 0.7501360499999999 0.6031136781249999
1 0.251396946875 0.1483333640625 0.2189586296875 0.1336630296875 0.17570754375 0.11410258749999999 0.1392144375 0.10432236406249999 0.082447384375 0.0961721796875 0.072986209375 0.11899269999999999 0.09461175468750001 0.1401831796875 0.1216436828125 0.1695238453125 0.1311048578125 0.1874542484375 0.1527304015625 0.22168502499999998 0.19057510312499998 0.2330952875 0.20003628125 0.2771062828125 0.20949745625 0.2982967640625 0.2392325765625 0.311337059375 0.2608581203125 0.27221617187499997 0.282483665625 0.2330952875 0.3162735765625 0.203754621875 0.2959996296875 0.17767402968749998 0.251396946875 0.1483333640625
1 0.5359375 0.3375 0.109375 0.0546875
1 0.4359375 0.378125 0.0859375 0.0625
1 0.2578125 0.37890625 0.0421875 0.0546875
1 0.31328125 0.353125 0.065625 0.0703125
1 0.29140625 0.50625 0.103125 0.0640625
1 0.2921875 0.728125 0.0734375 0.0734375
1 0.18359375 0.5515625 0.084375 0.0828125
1 0.4296875 0.29765625 0.065625 0.0703125
1 0.353125 0.284375 0.0328125 0.0375