1 0.148517096875 0.14690599531249998 0.1813065875 0.17528681562499998 0.2140960734375 0.19698979375 0.243027975 0.2470735875 0.2526719421875 0.28881008750000003 0.30474936874999997 0.32219928593749997 0.329823684375 0.2988268453125 0.360684378125 0.2804627859375 0.4089042140625 0.24540412968749997 0.38575869375 0.2103454703125 0.325966096875 0.1936508734375 0.26424470312500004 0.1519143734375 0.26231591249999997 0.11017787812499999 0.2565295296875 0.098491659375 0.202523315625 0.0851359796875 0.148517096875 0.071780303125 0.11572760625 0.0834665203125 0.125371578125 0.11852517656249999 0.148517096875 0.14690599531249998
1 0.23493817031250003 0.887251571875 0.272156096875 0.8389308156249999 0.3047217859375 0.78658333125 0.32798299062499997 0.7302091171875 0.29309118437500004 0.7020220078125 0.2535471359375 0.7704764125 0.211676965625 0.8026902484375 0.2093508453125 0.8308773578125 0.1814373984375 0.867117925 0.17213291718749998 0.9154386765625 0.195394121875 0.9476525171875 0.23028593281249998 0.9416124203124999 0.23493817031250003 0.887251571875
1 0.3814837625 0.8107437093750001 0.362874796875 0.8288639921875 0.35124419375000004 0.842957546875 0.379157640625 0.8731580171875001 0.400092728125 0.8510110046875001 0.42335393281249994 0.8489976390624999 0.45359350000000004 0.8590644624999999 0.479180825 0.8047036140625 0.4373106546875 0.794636790625 0.400092728125 0.78658333125 0.3814837625 0.8107437093750001
1 0.47981374218750006 0.5942461812500001 0.46694517500000005 0.5751518828125 0.4393696703125 0.5656047359375 0.4338545671875 0.6133404796875 0.45223823750000003 0.6483466890625 0.487167209375 0.6578938359375 0.5092276109375 0.6594850296875 0.516581078125 0.61970524375 0.516581078125 0.587881415625 0.47981374218750006 0.5942461812500001
1 0.49268230625 0.4526301421875 0.459591703125 0.466950865625 0.43753130625000003 0.5051394578124999 0.432016203125 0.5512840125 0.472460271875 0.583107840625 0.514742709375 0.587881415625 0.55518678125 0.5544663953125 0.5680553500000001 0.49718349999999994 0.5533484125 0.4717244375 0.5184194421874999 0.4637684828125 0.49268230625 0.4526301421875
1 0.5055508734374999 0.43194465156249995 0.5423182140625 0.41603273906249993 0.533126378125 0.36829699531250004 0.5257729125 0.3173788703125 0.49635904374999995 0.3030581421875 0.4614300734375 0.34124673906249997 0.4614300734375 0.381026525 0.46031737812499995 0.385841975 0.4687835390625 0.40489439843749997 0.5055508734374999 0.43194465156249995
1 0.4890055734375 0.3094229125 0.52393454375 0.30624052968750004 0.544156578125 0.271234315625 0.533126378125 0.24736644531250002 0.487167209375 0.2585047859375 0.4614300734375 0.2823726546875 0.4632684375 0.29510218906249996 0.4890055734375 0.3094229125
1 0.7813058984375 0.49718349999999994 0.7390234609374999 0.5051394578124999 0.707771228125 0.4796803953125 0.6728422578125001 0.47013324843750004 0.6544585875 0.460586096875 0.62504471875 0.4764980125 0.6268830875 0.5115042234375 0.64159001875 0.535372096875 0.674680621875 0.556057584375 0.705932859375 0.5512840125 0.733508359375 0.5417368609375 0.7813058984375 0.52582495 0.7813058984375 0.49718349999999994
1 0.7592454953125001 0.3030581421875 0.7022561265625 0.3110141015625 0.6507818546874999 0.3651146140625 0.661812053125 0.38898248281250003 0.6893875578124999 0.4017120171875 0.7188014265625 0.414441546875 0.7500536656250001 0.38898248281250003 0.7702756984375 0.36988818437500004 0.786821 0.322152440625 0.8015279328125 0.3046493359375 0.7592454953125001 0.3030581421875
1 0.6 0.4390625 0.09375 0.08125
1 0.3609375 0.484375 0.096875 0.05625