1 0.2064394703125 0.3600194203125 0.2653841609375 0.3787922796875 0.2835548578125 0.3497265265625 0.30861103125 0.324000871875 0.3461139671875 0.2776565984375 0.3146832625 0.249783034375 0.2526071703125 0.2491327546875 0.18218668124999998 0.2247930640625 0.1695214125 0.1849779140625 0.1609075796875 0.17518751875 0.10528487812500001 0.176264759375 0.0496621734375 0.1773420046875 0.0210145734375 0.19711656875 0.039403782812499996 0.22848458593749998 0.0691061328125 0.2499078515625 0.10812384531250001 0.2688350734375 0.14541320156249998 0.281311996875 0.18632191250000002 0.3222011 0.2064394703125 0.3600194203125
1 0.3459297546875 1 0.353773921875 0.9963719796875001 0.344198015625 0.9426593437499999 0.3676414390625 0.8863523703125 0.385548953125 0.8273599624999999 0.39342683125 0.766886209375 0.352428575 0.7486902171875001 0.3319492609375 0.8250468468750001 0.2998433359375 0.8669998203124999 0.3048918375 0.894828521875 0.2873092671875 0.9370587531250001 0.290828159375 0.9861411921875 0.3078404734375 1 0.3459297546875 1
1 0.49434531875000004 0.8649085 0.5162928203125 0.8569432953125 0.548107484375 0.8588405234375 0.5587533203125 0.7997094890625001 0.5157043546875 0.80082248125 0.477670209375 0.8026761453125 0.46594849531250004 0.8308296343749999 0.4526634890625 0.8531488375 0.4450768703125 0.8697723875 0.4798556453125 0.8917192703125 0.49434531875000004 0.8649085
1 0.49226062812500004 0.6556535515624999 0.5284704078125 0.6558351046875 0.5501909515625 0.6516624281250001 0.5469980890625 0.6113348875 0.538761475 0.5805954296875 0.504894278125 0.5962594078125 0.48752222968750003 0.5811463625 0.45841535312500004 0.5790615921875 0.4654430921875 0.62659819375 0.49226062812500004 0.6556535515624999
1 0.4949085578125 0.587403815625 0.5369857484375 0.581071234375 0.567403278125 0.5383271078125 0.56500745625 0.4796654484375 0.5442123546875 0.45888031875 0.5084144078125 0.46023573906250004 0.4806714296875 0.45613818906250003 0.4524148375 0.478535425 0.440990065625 0.5211324234375 0.4476059734375 0.567132053125 0.4949085578125 0.587403815625
1 0.445510803125 0.310711121875 0.42165594375 0.35663875625 0.4319517109375 0.3950630796875 0.43212325937499996 0.400002434375 0.44523207343750004 0.4162144578125 0.48774771093749997 0.432826909375 0.5191439296875 0.40794109375 0.497910378125 0.364210928125 0.4776288953125 0.3169310140625 0.445510803125 0.310711121875
1 0.425100915625 0.27005490625 0.40641820937500006 0.2997707578125 0.41148857968749997 0.311590740625 0.4400552203125 0.3187622359375 0.472970353125 0.3066480078125 0.4834430625 0.2676007546875 0.46661124843749996 0.2474009875 0.425100915625 0.27005490625
1 0.6389944703125 0.42195226874999997 0.6147011609375 0.44493486875 0.6255371625 0.4782724671875 0.645920428125 0.49752062812500003 0.68323729375 0.508936796875 0.712189146875 0.49623720625 0.73635405 0.4798783015625 0.778404621875 0.45213766250000004 0.77099166875 0.4244721453125 0.7322091234375 0.44310051093749997 0.69543249375 0.42659761874999996 0.6592227171875 0.42641606562499995 0.6389944703125 0.42195226874999997
1 0.65749553125 0.3560439921875 0.6892017921875 0.3607269046875 0.7127998453125 0.3280466625 0.7273908609374999 0.30436913906249996 0.7310174765624999 0.2539777125 0.7406931453125 0.23326457656250002 0.699439615625 0.2426711015625 0.646451265625 0.265105903125 0.61073318125 0.33068550625 0.62756499375 0.350885271875 0.65749553125 0.3560439921875
1 0.58046875 0.415625 0.1109375 0.103125
1 0.36171875 0.52109375 0.109375 0.08125