1 0.2390625 0.2125 0.0984375 0.0859375
1 0.4829345390625 0.482756178125 0.50823099375 0.44203980625000006 0.4764984046875 0.364217465625 0.39737308437499996 0.3672058265625 0.35932862656250003 0.4021387984375 0.357412290625 0.4520794765625 0.3350581140625 0.49084703437500005 0.37283338593750004 0.5399569140625 0.4050403484375 0.543334775 0.4359107625 0.505665615625 0.4829345390625 0.482756178125
1 0.572159259375 0.6086096140625 0.6310406453125 0.6894161249999999 0.654983621875 0.7357071562499999 0.663130903125 0.7947068171875 0.66049358125 0.8323955953125 0.5803893828125 0.82180529375 0.5419401890625 0.7948567078125001 0.506122678125 0.7729041578125 0.44650901875000004 0.7652153640625 0.4296817375 0.7726169390625001 0.449135053125 0.8128961984374999 0.523765071875 0.8465808828125001 0.5646934578125 0.8606555124999999 0.6025270828125 0.8588089734375 0.6452607453125 0.8821709515625 0.6867576343749999 0.890627503125 0.7240754640625 0.8861274390625 0.7524666796874999 0.861332228125 0.7530935359375001 0.8047577312499999 0.74711484375 0.739828965625 0.70490261875 0.67643570625 0.6732170921875 0.63302656875 0.6460739390625 0.5873575890625 0.6144881875 0.570090040625 0.579602484375 0.527302953125 0.5224623828125 0.549425015625 0.572159259375 0.6086096140625
1 0.7029598671875 0.145332290625 0.66156275625 0.163017334375 0.6425668812499999 0.1763480140625 0.6354399015625 0.208025021875 0.6779683765625 0.22178862656249998 0.7204968484375 0.235552234375 0.7557458609375 0.263122865625 0.777478828125 0.238244996875 0.79776983125 0.1888633265625 0.80598110625 0.1542217609375 0.8169294718750001 0.1080330125 0.8195667921875 0.07034423125 0.816735571875 0.0130650203125 0.79252905 0.0081320359375 0.7758542484375 0.0334035921875 0.7522105875 0.06553733125 0.73641489375 0.078245959375 0.70693938125 0.10600572187499999 0.7029598671875 0.145332290625
1 0.66640625 0.5046875 0.0765625 0.11875
1 0.6078125 0.4140625 0.078125 0.0953125
1 0.57265625 0.2390625 0.0609375 0.0515625
1 0.60859375 0.2890625 0.08125 0.0796875
1 0.45390625 0.29609375 0.08125 0.1140625
1 0.23671875 0.3390625 0.0875 0.0859375
1 0.3890625 0.19921875 0.0984375 0.1
1 0.68515625 0.3921875 0.08125 0.0796875
1 0.68359375 0.3140625 0.04375 0.0421875