1 0.6040629156249999 0.20653495624999998 0.5821550249999999 0.24238002500000003 0.631569015625 0.2757344765625 0.66305180625 0.29301032656250003 0.688926534375 0.3154934484375 0.7398069703125 0.28030711406250003 0.7479884796875 0.23825946875 0.7751548578125 0.1871964765625 0.807166946875 0.16436238281249999 0.8389459859375 0.13485451406249999 0.8610869296875 0.1056832171875 0.869501496875 0.0703093484375 0.8363241374999999 0.0597745859375 0.7828169234375 0.0750069171875 0.729309715625 0.09023925000000001 0.7239347015625001 0.1021202921875 0.7234636671875 0.1438986765625 0.66323645625 0.187763796875 0.6040629156249999 0.20653495624999998
1 0.679946403125 0.7240655734375 0.7051608703125 0.779593640625 0.7395336218749999 0.8307727109374999 0.7784152468750001 0.8777651437499999 0.784961815625 0.9319305171875 0.82004316875 0.9367492281249999 0.84216595625 0.90374320625 0.831180771875 0.8557766125 0.8020195515624999 0.8205322875000001 0.7987111328125 0.7924435296875 0.7557422218750001 0.7617105640624999 0.7138332390625 0.6946779281250001 0.679946403125 0.7240655734375
1 0.6485188578125001 0.8238780562500001 0.6292888390625 0.80641825625 0.609848025 0.7829220390625 0.5729338328125 0.7922694796875 0.5314404953125 0.80379141875 0.5589094 0.8572261671874999 0.5887792187499999 0.8461101296875 0.61209651875 0.8473104640625 0.633791771875 0.8687133625 0.660634234375 0.8375571234375 0.6485188578125001 0.8238780562500001
1 0.5234631046875 0.593484278125 0.4864960390625 0.5884065515625 0.487606675 0.62021099375 0.49634395781249996 0.6597099140625 0.5183353890625 0.65734979375 0.5529098921875 0.646589459375 0.5700606640625 0.6109629937500001 0.5628829671875 0.563448803125 0.5356574515625 0.57395250625 0.5234631046875 0.593484278125
1 0.5392302828125 0.46556076874999996 0.5056600515625 0.4524036140625 0.48032731718750005 0.4644333828125 0.4456972828125 0.4736034953125 0.4318878125 0.4995603125 0.4467476875 0.55635920625 0.48833328906249995 0.58834239375 0.5304233734375 0.582096090625 0.56973216875 0.5488801718749999 0.5626100046875 0.5029562015625 0.5392302828125 0.46556076874999996
1 0.4920774109375 0.43217983125000003 0.5278783078125 0.4038628953125 0.535674390625 0.3845266140625 0.5343943171875 0.3797529296875 0.533006021875 0.3399973765625 0.4967655671875 0.303051046875 0.4678694015625 0.3183895796875 0.4622974328125 0.36953331875 0.45477714999999996 0.41756077343750003 0.4920774109375 0.43217983125000003
1 0.5309513453125 0.28115915625 0.5043969125000001 0.258204040625 0.4580770171875 0.24867643749999999 0.4478865140625 0.27291471562499997 0.469317928125 0.307193865625 0.504336684375 0.30915530625 0.52955835625 0.29394509375 0.5309513453125 0.28115915625
1 0.3262206984375 0.47618355 0.29164619687500004 0.486943884375 0.2613015109375 0.513478125 0.21876717031249998 0.50700265 0.21976674375 0.535626653125 0.26809048281250003 0.5498607609375 0.295982375 0.558439725 0.3273821703125 0.5621197015625 0.359730703125 0.5402919703125 0.3735956984375 0.515925371875 0.37421124687499996 0.4808763265625 0.3442599796875 0.466000634375 0.3262206984375 0.47618355
1 0.2912715703125 0.3181878640625 0.23403925781249998 0.31222565156250004 0.191838109375 0.31529151093749996 0.20714693281250002 0.3322706890625 0.225348109375 0.37939993125 0.2462242046875 0.397776859375 0.27834591406250003 0.42212972656250003 0.30729761093749997 0.408381421875 0.3344120625 0.3946972703125 0.34460256562499997 0.37045899375 0.2912715703125 0.3181878640625
1 0.39765625 0.44296875 0.096875 0.084375
1 0.63828125 0.4796875 0.0984375 0.059375